12	80	40	65	15	91	87	70	39	51	36	57	91	5	89	46	53	42	84	3	16	25	67	39	4	97	54	34	68	58	93	48	41	39	58	82	17	92	96	82	89	42	84	34	61	97	98	8	73	71
51	23	97	55	84	77	10	40	89	100	59	14	20	29	71	43	25	94	8	49	84	33	50	93	98	80	68	64	33	77	86	19	80	71	16	9	40	55	44	92	22	53	85	55	39	22	1	66	70	98
64	99	79	39	94	44	97	89	65	77	38	26	14	34	11	82	53	20	57	10	13	1	79	18	97	5	9	91	81	80	18	15	45	1	40	42	5	19	27	34	90	54	88	90	42	100	23	20	91	85
13	44	18	28	84	60	47	51	11	54	53	57	61	19	63	87	11	20	70	50	32	89	39	25	86	37	83	83	21	1	23	17	77	34	77	9	35	37	83	33	53	90	80	46	72	45	33	94	94	97
75	44	19	56	43	83	25	24	67	100	98	2	29	78	21	79	73	32	62	93	50	37	26	11	47	31	1	43	7	5	56	52	63	50	51	16	91	39	69	95	8	88	88	42	96	40	33	53	81	18
14	94	55	46	4	15	38	67	83	10	87	22	69	89	11	39	86	29	39	39	28	64	28	67	81	63	10	54	91	42	62	49	18	65	83	83	67	7	31	33	56	46	54	68	26	46	46	23	85	56
72	64	21	72	4	69	67	94	72	64	33	53	25	58	92	14	89	65	80	11	9	37	40	32	62	25	90	28	20	84	21	4	50	32	63	55	100	83	65	21	77	39	66	59	8	83	84	5	20	12
23	53	30	75	26	36	2	80	88	48	59	56	94	40	49	78	40	32	85	33	61	37	42	37	17	41	95	97	78	43	99	2	36	2	47	7	54	63	2	75	28	4	37	56	98	8	55	1	11	86
95	23	5	34	26	97	95	47	33	86	33	51	73	90	34	17	53	31	75	6	13	31	43	86	89	76	60	45	33	52	73	30	18	77	20	98	15	33	36	57	11	55	57	97	55	42	7	78	42	76
70	29	56	30	77	58	80	24	80	37	44	87	94	62	1	19	12	53	29	3	91	75	64	33	88	93	4	44	53	44	38	6	12	18	33	25	19	39	1	63	61	23	79	94	99	99	90	81	19	85
80	28	68	66	79	60	94	28	76	36	27	19	26	44	90	44	80	2	63	73	87	70	16	69	49	53	72	63	21	82	65	33	14	27	56	20	90	89	4	76	11	82	75	89	5	56	23	2	90	9
95	53	76	90	85	37	8	80	52	24	14	55	52	11	59	76	85	70	74	52	65	15	86	6	2	56	100	23	83	15	99	52	41	10	29	10	70	94	53	6	44	45	19	84	23	16	4	13	43	95
60	58	53	5	4	77	85	7	89	80	98	56	33	35	2	76	55	43	19	90	22	75	20	74	11	38	78	61	21	49	1	78	90	64	74	70	38	48	80	95	78	33	61	76	56	72	54	82	37	66
10	39	24	5	97	30	60	98	34	65	88	38	73	43	16	53	7	53	100	42	2	89	35	59	22	4	3	38	54	60	3	67	48	56	84	68	47	10	64	72	23	73	92	13	1	16	32	13	19	65
91	84	41	21	14	22	81	97	38	11	49	68	23	9	100	23	84	26	44	64	50	58	64	23	49	82	89	61	86	6	22	35	51	33	20	89	33	39	93	24	99	10	35	32	29	79	4	25	64	98
23	31	54	38	38	71	96	3	4	1	52	5	84	7	20	47	50	5	16	68	56	31	35	33	7	83	28	46	26	58	45	81	58	55	5	74	77	40	86	58	98	94	100	4	87	40	20	94	32	1
5	58	2	68	62	58	99	88	62	27	81	15	83	73	81	46	64	41	100	61	53	88	51	58	100	14	60	92	66	37	80	72	45	90	86	57	63	16	46	8	98	92	74	55	17	33	73	22	13	73
24	87	88	67	79	72	19	17	15	2	23	75	42	96	12	58	84	87	30	84	4	38	39	60	78	97	19	97	33	78	22	85	100	72	40	1	29	43	71	16	26	97	95	85	38	60	54	31	81	24
75	52	20	69	58	35	55	86	29	20	25	10	71	35	35	56	70	60	33	40	51	7	44	62	80	87	22	56	42	90	97	40	16	77	93	4	98	31	31	58	18	64	17	6	91	62	44	91	30	91
19	18	91	84	71	68	27	70	72	94	58	69	62	67	52	33	68	94	26	22	83	76	82	48	12	48	48	28	37	81	16	62	82	1	65	20	88	1	92	19	86	87	20	25	55	37	73	77	3	91
